0.000000000000000000e+00 1.692829879225907234e+03 2.252270854049308127e+03 1.103609532398121246e+03 2.522814499720500862e+03 3.968526174790837899e+02 1.446765357616776782e+03 4.245373952904502630e+02 1.424059338651307826e+03 7.491061340023854882e+02 9.022693611111927794e+02 1.546992243031619182e+03 2.553845140175887991e+03 2.378370240311629914e+03 1.014753664689120455e+03 1.259356184722971875e+03 1.017528869369316681e+03 1.167469485682602226e+03 8.137057207615048355e+02 1.404843407643713135e+03 8.851129871378003600e+02 1.329531120357850114e+03 8.822204939809548705e+02 1.206066747738283311e+03 1.194020519086669538e+03 1.510638606682617592e+03 1.571559734785795627e+03 4.156368607330201712e+02 2.080504025470751003e+03 2.144574549881630901e+03 8.867130313692248365e+02 7.902259170642279287e+02 2.640851756536137145e+03 1.803869729221043372e+03 1.576118333120962006e+03 1.172710535469004753e+03 2.518194988478850973e+03 1.224826518328208067e+03 2.102314201065102225e+03 1.358106402311689180e+03 2.697599117734137963e+03 6.614605052457781085e+02 2.250859835707234652e+03 1.668394437775432152e+03 9.230178763165965847e+02 2.114686265146676760e+03 4.291969244996986390e+02 2.522632949915623158e+03 4.422894979535462312e+02 1.706572295567931633e+03 1.128689505577153795e+03 2.474051737535009579e+03 1.010451384283281641e+03 1.394179687127882289e+03 1.707546192640187428e+03 7.953426934347231736e+02 1.359817634831965279e+03 7.182290720932981003e+02 1.030897182070064673e+03 1.152289026242982118e+03 1.043218577288575716e+03 1.259659080862754763e+03 2.880867924775448614e+02 1.365662110479748208e+03 1.250233978101699222e+03 1.286438883118821195e+03 5.931888400838303141e+02 1.617692801492298258e+03 1.240503526798694793e+03 1.386559050311237115e+03 2.635283096746913088e+03 8.015385205964838633e+02 1.531159691214472787e+03 9.419819531179989553e+02 6.280461766462717605e+02 2.648723843665095956e+03 1.048429301383741404e+03 2.442327578356351296e+03 1.007911206406596079e+03 8.629745071553388698e+02 1.219592144940266508e+03 2.186072276938710729e+03 1.715551514819651175e+03 8.884739726069639119e+02 1.733841111520891445e+03 1.508300367963887993e+03 1.254928284803557972e+03 1.219446595796634256e+03 8.064899255415407424e+02 6.437701453158572349e+02 7.529734391065862837e+02 3.025524747874325158e+02 4.129757862151242307e+02 1.358848041541069506e+03 2.431134714490334318e+03 2.376683613777820483e+03 8.148772913758242566e+02 7.826525410423197400e+02 1.468252362504484381e+03 2.643494089268973767e+03
1.692829879225907234e+03 0.000000000000000000e+00 1.708469783168552340e+03 2.402816056214041510e+03 1.185959527134041764e+03 2.056612992276378463e+03 1.391806380212420208e+03 1.619841041584019194e+03 1.342505121033063233e+03 2.441831484767120401e+03 2.358835517792624614e+03 1.606488095193985600e+03 9.697515145644269978e+02 1.661984957813999017e+03 2.445813157213772229e+03 2.830614950854319432e+03 2.455095924806197672e+03 2.836891256287417036e+03 2.310216007216641174e+03 1.603241716024130938e+03 2.501842521023255813e+03 2.896747486406090047e+03 1.921433319165668991e+03 2.894555579013814622e+03 8.930711057916945492e+02 2.670970610096636847e+03 1.737337330514716086e+03 1.363365321548116754e+03 1.500966355385756060e+03 1.190744724951574199e+03 1.592384689702836795e+03 2.165917819308941489e+03 1.069318006955835472e+03 1.451479589935731838e+03 1.893080558243626456e+03 2.857569071781118055e+03 1.143124227719804821e+03 2.917257102142353233e+03 9.611378673218530366e+02 3.365055720192460740e+02 1.984454081101399424e+03 1.536060220173675361e+03 1.834545447788088950e+03 2.565638322133499969e+02 2.124213972273038053e+03 1.636497784905314120e+03 1.932617137458943262e+03 1.595606467773304075e+03 2.094273382345294522e+03 4.161249812255928759e+02 1.146963382153066050e+03 1.302292209912967337e+03 2.577251442913554911e+03 3.313034862478812101e+02 1.529079788631057681e+03 1.902789793960436327e+03 1.400388874563062245e+03 1.160700650469362017e+03 2.626073875579284049e+03 1.851156665439205881e+03 1.006106356206936994e+03 1.802542648593924469e+03 1.979198069926302196e+03 3.317167466378506333e+02 2.526658267356312081e+03 2.618486967697185264e+03 1.102742943754345788e+03 7.105385281601554652e+02 5.732660813269873188e+02 2.887442640122916600e+03 1.901814396832666716e+03 2.458646985640679759e+03 4.622434423547834399e+02 2.543906641368743294e+03 2.076212176055231794e+03 1.045017224738425057e+03 1.663859669563512170e+03 1.262333157292479655e+03 2.647112389000512394e+03 1.670004790412290959e+03 8.426304053379512879e+02 5.699412250399158211e+02 1.513225032835500087e+03 2.581300641149728563e+03 8.323136428054029921e+02 1.752072201708593866e+03 1.218500718095807997e+03 2.806433501795472694e+03 1.419508717831630747e+03 2.301798644538657300e+03 1.978321005297168540e+03 1.769469129428371843e+03 1.399746405603529411e+03 2.963132970354182362e+03 7.937713776648789690e+02 1.200941297482936989e+03 2.093036072312180750e+03 1.911410997143209897e+03 3.155993662858023072e+03 1.830805287298460826e+03
2.252270854049308127e+03 1.708469783168552340e+03 0.000000000000000000e+00 3.332923341452665227e+03 1.073736001072889394e+03 2.622806130845358439e+03 8.113211448002572297e+02 2.501897679762304051e+03 8.291905691697174916e+02 2.793510336476312204e+03 2.264730005983053161e+03 7.824659737010932758e+02 1.532654233674379611e+03 2.212984410247844380e+02 2.279527363292662812e+03 3.482276554209903679e+03 2.292553379967410820e+03 3.286384791834334010e+03 3.065975374982650010e+03 9.340133832017611439e+02 2.582162853113645269e+03 3.551541214740439955e+03 1.703469694476541008e+03 3.245719796901759764e+03 1.183942988492266977e+03 3.716831042702910054e+03 8.461323773500220113e+02 1.855776387391541220e+03 2.140210270043576770e+02 5.920844534354874895e+02 2.769948735987725740e+03 2.086778617870137168e+03 1.532922046289373384e+03 4.484127562859914633e+02 9.832461543275925351e+02 3.047000164095827586e+03 1.133381665636073421e+03 3.215883704364945061e+03 8.505651062675920002e+02 1.730967648455626204e+03 4.507870894335817411e+02 2.591881555935764482e+03 1.710263137648707072e+02 1.452250667068188932e+03 1.895679825286960295e+03 1.392623423614582236e+02 2.138573823836811243e+03 5.070552238168935446e+02 2.669801490747954631e+03 1.292653472513032057e+03 1.137949032250566233e+03 8.233103910433779902e+02 3.246178060427369928e+03 1.827943379867111844e+03 5.671207984195253857e+02 2.916617561491393189e+03 9.026560806863265043e+02 1.572472257306945266e+03 2.625837961489627105e+03 1.377630574573604690e+03 1.275467365321433817e+03 1.227892910640011905e+03 2.473698849900690675e+03 1.650528703173622489e+03 3.479701855044480453e+03 3.529201184404199012e+03 1.872406205928617510e+03 1.020784992052684856e+03 1.423781233195605864e+03 3.630577089114070986e+03 4.010049875001556643e+02 2.640376488306165811e+03 1.287391937212595622e+03 2.582747761590357186e+03 2.870338307586755491e+03 1.615069657940486422e+03 1.333014628576896030e+03 8.326631972172182259e+02 3.193360768845261646e+03 2.811808137124579844e+03 1.192820606797183018e+03 1.530888630828513215e+03 5.529529817262947518e+02 2.913171810930484753e+03 8.805708375820765923e+02 9.267416036846516363e+02 1.001000000000000000e+03 3.435262144291174536e+03 2.587069770995749423e+03 2.842382803212825365e+03 1.885106097809881931e+03 2.515462979254514721e+03 1.845798743091998176e+03 3.554433850840383911e+03 1.633182169875730779e+03 8.264605253731118637e+02 3.018376550399237203e+03 1.786235426812490459e+03 3.314915534368862154e+03 4.542785489102473662e+02
1.103609532398121246e+03 2.402816056214041510e+03 3.332923341452665227e+03 0.000000000000000000e+00 3.447025529351356454e+03 8.221252945871450493e+02 2.538424708357527834e+03 8.507185198407285043e+02 2.511709577160544086e+03 1.030068929732374727e+03 1.695417352748284202e+03 2.649138916704822350e+03 3.362051308353279637e+03 3.441609652473679489e+03 1.794274505197016879e+03 6.247719583976220292e+02 1.789489592034555471e+03 9.289031165842861810e+02 3.723398984798701576e+02 2.508211514206886022e+03 1.444921105112663327e+03 6.608668549715592917e+02 1.928374704252262291e+03 1.101310582896577898e+03 2.203686229933835421e+03 4.170623454592850408e+02 2.675055513442664960e+03 1.478048713676244233e+03 3.149956348903901926e+03 3.152299795387488302e+03 8.443518224058026362e+02 1.696562701464346219e+03 3.458916015170070750e+03 2.886523860978807079e+03 2.674075728172259460e+03 1.336013472985957605e+03 3.428180275306419844e+03 1.189673064333222555e+03 3.060988892498631685e+03 2.087301846882716745e+03 3.771111904995660552e+03 8.676819693874017503e+02 3.343368959597489720e+03 2.479001815247419472e+03 1.895497823791945166e+03 3.197561570947461860e+03 1.394722911549100445e+03 3.555860655312578274e+03 7.854947485502369773e+02 2.568817821489099060e+03 2.195774578594077866e+03 3.447684730366162512e+03 4.976364134586615933e+02 2.071580314639043991e+03 2.801622387117864037e+03 5.003718617188620215e+02 2.454438021217891674e+03 1.763011344262991315e+03 1.572778751128078966e+03 2.235152791197952865e+03 2.076108137838682069e+03 2.353394357093600320e+03 9.739034859779484350e+02 2.131240249244556708e+03 1.471767644704829081e+02 2.161133961604416527e+02 1.502068240793340237e+03 2.575057280916290438e+03 2.132529249506322685e+03 5.544763295218291432e+02 3.704461769272291804e+03 1.293387026376869244e+03 2.416404767417909170e+03 1.507782477680384773e+03 4.772001676445640328e+02 3.443823456566843106e+03 2.147804925965112034e+03 3.412103456813699722e+03 7.183571535107031423e+02 7.580217674974776401e+02 2.215773679778690621e+03 2.965158005907948336e+03 2.808105589182856875e+03 1.061233244861844696e+03 2.712551750658409219e+03 2.611056491154490686e+03 2.332154583212699436e+03 6.440496875241847192e+02 9.923628368696603275e+02 7.474663872041337527e+02 1.760316164784042485e+03 8.193192296046761385e+02 1.491484160157257520e+03 7.846234765796904185e+02 3.196274393727797360e+03 3.344204688711502968e+03 3.242298567374695040e+02 1.821030752074220118e+03 1.498551634078719417e+03 3.701246411683502174e+03
2.522814499720500862e+03 1.185959527134041764e+03 1.073736001072889394e+03 3.447025529351356454e+03 0.000000000000000000e+00 2.919352154160234022e+03 1.423989115126938032e+03 2.605817530066140080e+03 1.400121423305850385e+03 3.218195301718029441e+03 2.883283718262911407e+03 1.552618433485832384e+03 5.023325591677290163e+02 8.909062801439890791e+02 2.934403176116056329e+03 3.770098274581181158e+03 2.946543059247564997e+03 3.681028660578453128e+03 3.277007476341791971e+03 1.655730654424203067e+03 3.135403642276381561e+03 3.839753377497049769e+03 2.328644670189078170e+03 3.691816896867990636e+03 1.343501395607760514e+03 3.765137978879392904e+03 1.675524097111109995e+03 2.113827097943443277e+03 9.727486828569853969e+02 5.531663402630351811e+02 2.700638628176676320e+03 2.683121316675785238e+03 4.746588248415908424e+02 1.178071729564885118e+03 1.851224999831192918e+03 3.569123281703785779e+03 6.923149572268390273e+01 3.688564625975800936e+03 4.373854135656560516e+02 1.413016631183086929e+03 1.079082017272088478e+03 2.593881454500186010e+03 1.244739731831518156e+03 1.007246245959745465e+03 2.548369086298136608e+03 1.107079491274226484e+03 2.591877504821552975e+03 6.521502894272148296e+02 2.964122298421575124e+03 8.870287481248846007e+02 1.498040386638491100e+03 2.592392717163045859e+02 3.515597388780461642e+03 1.468373930577630517e+03 1.342827241308426892e+03 2.961862420842669508e+03 1.499522924132872276e+03 1.818490032966911713e+03 3.221863435963728080e+03 2.087726275161568992e+03 1.506110885692019792e+03 1.965283694533692596e+03 2.799736594753156623e+03 1.349998518517705634e+03 3.583506941530879885e+03 3.661452444044576168e+03 1.971111868971418971e+03 9.058062706782284295e+02 1.316705737816920191e+03 3.869008270862185782e+03 1.007262627123631546e+03 3.145426044274447577e+03 1.030674051288767032e+03 3.156846686172770205e+03 3.049346979272775570e+03 5.640221626851200654e+02 1.957628412135459484e+03 2.421672975444867859e+02 3.530725704440943900e+03 2.768475392702633144e+03 1.310246541685953162e+03 7.044948544879515566e+02 1.319488537274954979e+03 3.354735906148202503e+03 8.053483718242683835e+02 1.738268391244574104e+03 1.442083215352012985e+03 3.734719400436932574e+03 2.515890498412043144e+03 3.166417060338072588e+03 2.468074958343040180e+03 2.701296170359703410e+03 2.128814223928429328e+03 3.879303674630280966e+03 6.705467918050163689e+02 2.531402773167478415e+02 3.124039052252708188e+03 2.373914910016784688e+03 3.863267528919010601e+03 8.941521123388346268e+02
3.968526174790837899e+02 2.056612992276378463e+03 2.622806130845358439e+03 8.221252945871450493e+02 2.919352154160234022e+03 0.000000000000000000e+00 1.812307369074021153e+03 5.336703102103394940e+02 1.793854230421190096e+03 4.360229351765798924e+02 9.071813490146278127e+02 1.891778263962243500e+03 2.940778298342124344e+03 2.758119830609250585e+03 1.014676795832052107e+03 8.671389738675110266e+02 1.012354187031396691e+03 7.819520445653940897e+02 4.737013827296686372e+02 1.743555275865953263e+03 7.371302462930143520e+02 9.372432981888961194e+02 1.110785757920941251e+03 8.432822777694311753e+02 1.590113517960274521e+03 1.238998385793944408e+03 1.899798936729884645e+03 8.110055486863205942e+02 2.458472899993001647e+03 2.538561009706089408e+03 9.440338976964757194e+02 8.807774974418907732e+02 3.029285394280307628e+03 2.175125283748041966e+03 1.879610863982223236e+03 8.766219253475239839e+02 2.914201434355559286e+03 8.780091115700337241e+02 2.499152056198262017e+03 1.720117728529067790e+03 3.071176484671631442e+03 7.642944458780267496e+02 2.610477734055588371e+03 2.050533589093336559e+03 1.074241127494195325e+03 2.484166258526187903e+03 5.741863808903865447e+02 2.911478833857460813e+03 4.707440918375927907e+01 2.096312238193537723e+03 1.513779376263265021e+03 2.870307300621311697e+03 6.239102499558730415e+02 1.745028653059885983e+03 2.068132007392177911e+03 6.976890424823941430e+02 1.722478446889829684e+03 1.113114998551362532e+03 8.860005643339060271e+02 1.428742804006375309e+03 1.437613647681462453e+03 1.555525956067593143e+03 1.572577502064683586e+02 1.735622366760695968e+03 9.600255204941169040e+02 9.702705808175367110e+02 9.735363372776590722e+02 2.014442354598413431e+03 1.630606328946382973e+03 1.007921623937099639e+03 3.011410466874285248e+03 6.044667071063549884e+02 1.922573795722806608e+03 8.028860442179824304e+02 3.742325480232846076e+02 3.034312113148546814e+03 1.361378712923042485e+03 2.838767338124067010e+03 6.116575839470970095e+02 8.864880145833895995e+02 1.616267613979813632e+03 2.567159519780568644e+03 2.078010827690750830e+03 5.609723700860854478e+02 2.130502522880458855e+03 1.830298882696484725e+03 1.633843627768581882e+03 8.251121135942678393e+02 9.426483968055109699e+02 2.493270943960964701e+02 9.388700655575296423e+02 3.290744596592084577e+02 8.042045759631065494e+02 9.622515263692752114e+02 2.811480037275740870e+03 2.773242326231157222e+03 6.095842845743318321e+02 1.002960118848202228e+03 1.154045493037427832e+03 3.024699158594123674e+03
1.446765357616776782e+03 1.391806380212420208e+03 8.113211448002572297e+02 2.538424708357527834e+03 1.423989115126938032e+03 1.812307369074021153e+03 0.000000000000000000e+00 1.724840282460958861e+03 5.024937810560444973e+01 1.989205368985314180e+03 1.511092320144603264e+03 2.161133961604416527e+02 1.709036278140402828e+03 9.633509225614516254e+02 1.545006472478351725e+03 2.670955634225323593e+03 1.557711462370358277e+03 2.480831513827571598e+03 2.259774546276685669e+03 2.422003303053073751e+02 1.806204030556902580e+03 2.740227910229366444e+03 9.422510281236100127e+02 2.447785325554510109e+03 5.557922273655866547e+02 2.931315916103209929e+03 3.456848275524976088e+02 1.062015065806507209e+03 6.631930337390464274e+02 8.948798802073940806e+02 2.040947329060698621e+03 1.320123100320572348e+03 1.756406558858170456e+03 3.668950803703968973e+02 5.089921413931652978e+02 2.265812878416927106e+03 1.453675342021044344e+03 2.423198299768303968e+03 1.005726105855863693e+03 1.258791881130475076e+03 1.261299726472657312e+03 1.843694117797201216e+03 8.050962675357525313e+02 1.165010729564324720e+03 1.153734804883687275e+03 6.723094525588644501e+02 1.332884090984658769e+03 1.164605083279306427e+03 1.859252000133386900e+03 1.051981463715021846e+03 3.827819222481646761e+02 1.263396216552827809e+03 2.435297517758353933e+03 1.362062039703037954e+03 2.641514716975848955e+02 2.144672469166329392e+03 9.304837451562494266e+01 8.002355903107534232e+02 1.866830736837167024e+03 6.661080993352355790e+02 5.618051263561058022e+02 5.416133307074337608e+02 1.662569096308481221e+03 1.187471683872925041e+03 2.685577219146751759e+03 2.729886627682548806e+03 1.130681652809490060e+03 7.409453421137081932e+02 8.953172622037396877e+02 2.820224813733826977e+03 1.205230683313364807e+03 1.850602604558850089e+03 9.348475811596241556e+02 1.814364902658778874e+03 2.070016425055608124e+03 1.810520367187290276e+03 5.600160711979611960e+02 1.245829041241212963e+03 2.382856479102340018e+03 2.071418113274092320e+03 5.936707841893518207e+02 1.508623876252792115e+03 2.696831474156292074e+02 2.112274603360083802e+03 7.141939512485386103e+02 3.694319964486021490e+02 2.379936973955402948e+02 2.624000000000000000e+03 1.867181833673410665e+03 2.031080992969014915e+03 1.108953109919441204e+03 1.719107908189593445e+03 1.046940781515363369e+03 2.744016399367904796e+03 1.707419690644336015e+03 1.196338162895424830e+03 2.229601982417489580e+03 1.009756901437172701e+03 2.544231318099830332e+03 1.231347635722747555e+03
4.245373952904502630e+02 1.619841041584019194e+03 2.501897679762304051e+03 8.507185198407285043e+02 2.605817530066140080e+03 5.336703102103394940e+02 1.724840282460958861e+03 0.000000000000000000e+00 1.693383890321388435e+03 9.696927348392375734e+02 1.307468546466797306e+03 1.858841843729584298e+03 2.553933632653754103e+03 2.600321710865792284e+03 1.420535462422533101e+03 1.210841855900265728e+03 1.421951124335854274e+03 1.257132053525006540e+03 6.910347313992257341e+02 1.728843833317515191e+03 1.228327724998503754e+03 1.276915423980773994e+03 1.295390674661509138e+03 1.350988156868889746e+03 1.355059039304192083e+03 1.216003700652263660e+03 1.904642748653930539e+03 6.708576600144027680e+02 2.312646319695253169e+03 2.301667221819870520e+03 4.649688161586753381e+02 1.210889342590808383e+03 2.648021525592267608e+03 2.059711144796764984e+03 1.934297029931028874e+03 1.410090068045300541e+03 2.590028957367079329e+03 1.397242999624617823e+03 2.212886124498953905e+03 1.288820002948433512e+03 2.933783393504026208e+03 2.477781265568048354e+02 2.524469449211061601e+03 1.660675766066332471e+03 1.347312139038315081e+03 2.369010341893846544e+03 8.497634965094699737e+02 2.706767998924178301e+03 5.531762829333882792e+02 1.736748974377126160e+03 1.365056775376028099e+03 2.598658884886587202e+03 9.581753492967766306e+02 1.293208799846335751e+03 1.988891651146436971e+03 4.206399885888168910e+02 1.646535757279507152e+03 9.304069002323660698e+02 1.379078315397642655e+03 1.539015919345865541e+03 1.233105429393610393e+03 1.630717940049719346e+03 5.540487343185615146e+02 1.320959121244862672e+03 9.936201487490076261e+02 1.061075397886502742e+03 6.514637365195395660e+02 1.725779244283578691e+03 1.289125672694481636e+03 1.275731162902278584e+03 2.865053053610002735e+03 1.113800700305041119e+03 1.577345238050313355e+03 1.291328773008640155e+03 4.569835883267581949e+02 2.641094091470426974e+03 1.411559421349310469e+03 2.563429733774655233e+03 1.047851611632105005e+03 4.385076966257262825e+02 1.365776336008206044e+03 2.163983364076535509e+03 1.992993978917146705e+03 1.092477002046267444e+03 1.862130231750722714e+03 1.849796204991241666e+03 1.506360182692041235e+03 1.187765128297678302e+03 4.163291966701350475e+02 7.388748202503587663e+02 1.175923892095062456e+03 2.063055985667863581e+02 6.966039046689302268e+02 1.345786015680055925e+03 2.402839986349486480e+03 2.495666043363975405e+03 5.270569229219933050e+02 1.199805400887993983e+03 1.683736618358108899e+03 2.857268800795613060e+03
1.424059338651307826e+03 1.342505121033063233e+03 8.291905691697174916e+02 2.511709577160544086e+03 1.400121423305850385e+03 1.793854230421190096e+03 5.024937810560444973e+01 1.693383890321388435e+03 0.000000000000000000e+00 1.980891970805071423e+03 1.518626023746465307e+03 2.662705391138869686e+02 1.674207275100666948e+03 9.722602532244131908e+02 1.555998071978239977e+03 2.654910356302073069e+03 1.568604475321934160e+03 2.471469198675152256e+03 2.237656363251515813e+03 2.813112155602758548e+02 1.807973451132510490e+03 2.724370385979116236e+03 9.508533009881177804e+02 2.442029483851495115e+03 5.063200568810206619e+02 2.902396940461452232e+03 3.948328760374444641e+02 1.033992746589646003e+03 6.712525605165316165e+02 8.780802924562194676e+02 2.002808278393116780e+03 1.325473500300930255e+03 1.723487452811885078e+03 3.812833591962806850e+02 5.557139551963762187e+02 2.265535918938386658e+03 1.427878496231384588e+03 2.419356319354385505e+03 9.774916879441993842e+02 1.208590915074244549e+03 1.277435712668156157e+03 1.807637408331659799e+03 8.323250566935972756e+02 1.116881820068712614e+03 1.165087550358341105e+03 6.909739503049300993e+02 1.324547092405551211e+03 1.163597868681444425e+03 1.840872890777633302e+03 1.005683846941970160e+03 3.416972344049626713e+02 1.246645498929025962e+03 2.417446793623388203e+03 1.311875756312311751e+03 2.975583976297762092e+02 2.112596743346917265e+03 9.976472322419382976e+01 7.658733576773643108e+02 1.872343985489845863e+03 6.876081733080258118e+02 5.173490117899134475e+02 5.695261188040457228e+02 1.645478957629054548e+03 1.137226450624500785e+03 2.658798600872205952e+03 2.704793152904672752e+03 1.092440387389627858e+03 6.965809357138623454e+02 8.451851868081929524e+02 2.801494779577502413e+03 1.219059473528670878e+03 1.848368199250355019e+03 8.862759164052694132e+02 1.817945268703103693e+03 2.045109532518979677e+03 1.776014921108491080e+03 5.695726468151362951e+02 1.227731648203303394e+03 2.369324798333905164e+03 2.034617408752810206e+03 5.437370688117557620e+02 1.466806394859253487e+03 2.999233235345327557e+02 2.105547197286254232e+03 6.758831259914690008e+02 4.154094365803454139e+02 1.954891301325984330e+02 2.608582181952487190e+03 1.827887578599953258e+03 2.015521024450005598e+03 1.112763227286020538e+03 1.692606569761561559e+03 1.020769317720708159e+03 2.730505630831037251e+03 1.668261670122526084e+03 1.176477794095579156e+03 2.201181500921720726e+03 1.013984220784524837e+03 2.546214445014402372e+03 1.240416059231740292e+03
7.491061340023854882e+02 2.441831484767120401e+03 2.793510336476312204e+03 1.030068929732374727e+03 3.218195301718029441e+03 4.360229351765798924e+02 1.989205368985314180e+03 9.696927348392375734e+02 1.980891970805071423e+03 0.000000000000000000e+00 7.212613950572981594e+02 2.024655279300651728e+03 3.286984180065368037e+03 2.952336193593134794e+03 8.021726746779647783e+02 7.698012730568844972e+02 7.947685197590553798e+02 4.933771376948874945e+02 6.642537165872690821e+02 1.871214846029177806e+03 4.203867267171978597e+02 8.296077386331446633e+02 1.136554882088850036e+03 4.736253793875492875e+02 1.874709844215899011e+03 1.416404250205427843e+03 2.003397114902584690e+03 1.117594738713456991e+03 2.651649486640344094e+03 2.792855169893347465e+03 1.366023425860625593e+03 7.956161134617624384e+02 3.371099820533352158e+03 2.355762721498071642e+03 1.944726458913952229e+03 4.411915683691156005e+02 3.220139437974697557e+03 4.784809296095299942e+02 2.786951201582116028e+03 2.107210715614363835e+03 3.244042693923740444e+03 1.197601770205772482e+03 2.755667977097386029e+03 2.409843978352125760e+03 1.017208926425638424e+03 2.654480363460992066e+03 6.564099328925484542e+02 3.136007812490268861e+03 4.205948168962618183e+02 2.437387330729361111e+03 1.749771413642364905e+03 3.141824310810520274e+03 6.172876152977637503e+02 2.141975956914549442e+03 2.226894249846633556e+03 1.078644519756161344e+03 1.896263694742901407e+03 1.401861976087517633e+03 5.427200014740566303e+02 1.481270400703396263e+03 1.712779320286183292e+03 1.626016297581300478e+03 4.654653585391720867e+02 2.114007805094389823e+03 1.136890935842132649e+03 1.102390584139759312e+03 1.340553989960866829e+03 2.315188545237730523e+03 1.973398337893290091e+03 9.699288633709174974e+02 3.192026472321305846e+03 2.696516271043065558e+02 2.259184366093214521e+03 4.805850601090299961e+02 7.121980061752490201e+02 3.383748513113821900e+03 1.469706093067590245e+03 3.113283154484988245e+03 4.542345209250393623e+02 1.301623985642551133e+03 1.908689864802556031e+03 2.927252636859347149e+03 2.240564437814721714e+03 1.400357097314824273e+02 2.415414043181830948e+03 1.926371199950829805e+03 1.848411480163440274e+03 7.130848476864446184e+02 1.376939359594314055e+03 3.000266654815868037e+02 9.450105819513345295e+02 7.646973257439834697e+02 1.095562412644756705e+03 7.917701686727026527e+02 3.172558588899501956e+03 3.050339817135133671e+03 9.337735271467059874e+02 1.035705073850659574e+03 7.258271144012188643e+02 3.220439876787020694e+03
9.022693611111927794e+02 2.358835517792624614e+03 2.264730005983053161e+03 1.695417352748284202e+03 2.883283718262911407e+03 9.071813490146278127e+02 1.511092320144603264e+03 1.307468546466797306e+03 1.518626023746465307e+03 7.212613950572981594e+02 0.000000000000000000e+00 1.483066080793435276e+03 3.056086549821519839e+03 2.450311204724820072e+03 1.130707742964555820e+02 1.487710993439249933e+03 1.152605743522042303e+02 1.161234257159165963e+03 1.323964123380992532e+03 1.334151790464638225e+03 3.489312253152475023e+02 1.544612896488955357e+03 5.690140595802532744e+02 1.060317405308429443e+03 1.592270391610671140e+03 2.102425504030999036e+03 1.427017168782492263e+03 1.026077969746938834e+03 2.158991662790757346e+03 2.390684002539858739e+03 1.771007058145167321e+03 2.018539075668340956e+02 3.126634612486722745e+03 1.859024475363355805e+03 1.329079756824247170e+03 8.044799562450266421e+02 2.899677913148286279e+03 1.004972636443400916e+03 2.446651793778591582e+03 2.052777874003907073e+03 2.705464285478557031e+03 1.553669205461703086e+03 2.196000910746623504e+03 2.252609597777653107e+03 3.700054053659216606e+02 2.130136145883638164e+03 4.852422075623677529e+02 2.672887015943621918e+03 9.311809705959416306e+02 2.231726909816700754e+03 1.391604110370474473e+03 2.757152516637409462e+03 1.334044227152908206e+03 2.118403408229886736e+03 1.706966900674995486e+03 1.592136928784707152e+03 1.421526644140024473e+03 1.199965416168316096e+03 3.612713661501558704e+02 8.883805490891840009e+02 1.431616219522536767e+03 1.039232890164663786e+03 7.917676426831295657e+02 2.031863430449989664e+03 1.819138532382841959e+03 1.800883394337345862e+03 1.324605979150026315e+03 2.027116178219689573e+03 1.807753578339702699e+03 1.690795079245264333e+03 2.664747830471018460e+03 4.670867157177561921e+02 2.054658122413556157e+03 3.286943869310822492e+02 1.280112495056586795e+03 3.158015832765884170e+03 9.511561386018596522e+02 2.735055758115362551e+03 1.173364819653290851e+03 1.733537712309714834e+03 1.638250591332107433e+03 2.745896210711541244e+03 1.725001159419900205e+03 7.812195594069569324e+02 2.088983724206581883e+03 1.346001485883280793e+03 1.442338725819978890e+03 1.430236344105406943e+03 1.707304307966216129e+03 9.541121527367733961e+02 4.154960890309317847e+02 1.127817361100635026e+03 9.821532466982939695e+02 1.491464381069826231e+03 2.984600810828811518e+03 2.679090330690624342e+03 1.516319557349307615e+03 5.097342444843195040e+02 1.053229794489312781e+03 2.712872462907167119e+03
1.546992243031619182e+03 1.606488095193985600e+03 7.824659737010932758e+02 2.649138916704822350e+03 1.552618433485832384e+03 1.891778263962243500e+03 2.161133961604416527e+02 1.858841843729584298e+03 2.662705391138869686e+02 2.024655279300651728e+03 1.483066080793435276e+03 0.000000000000000000e+00 1.876009061811802667e+03 9.691491113342673316e+02 1.501455960060101233e+03 2.735858366217081766e+03 1.514443792288112718e+03 2.518003177122697707e+03 2.352087158249030381e+03 1.535838533179839089e+02 1.800001111110768079e+03 2.804087373817014395e+03 9.210917435304694436e+02 2.469696337609140301e+03 7.676066701117181310e+02 3.050373091934820877e+03 1.364880947189167841e+02 1.188353903515278489e+03 6.858104694447292786e+02 1.005198985276049712e+03 2.201488814416280547e+03 1.304345046373849755e+03 1.916314431402111950e+03 3.954099138868422187e+02 3.121954516004357174e+02 2.265173061821104966e+03 1.589216473612075333e+03 2.437032006355271278e+03 1.154612489106193607e+03 1.473784244725122562e+03 1.227824906083925271e+03 1.996183608789532173e+03 7.310164156843538876e+02 1.376802454965853030e+03 1.114842141291761436e+03 6.470927290582084197e+02 1.375181806162370776e+03 1.207359101510399796e+03 1.938078687773022239e+03 1.258813727284541528e+03 5.707372425205841182e+02 1.366931234554247794e+03 2.508791143160386582e+03 1.576911538419324188e+03 2.299239004540415294e+02 2.279369430346910576e+03 2.407509086171846491e+02 9.551177937825260642e+02 1.843949023156551448e+03 5.988196723555431618e+02 7.561282959921550173e+02 4.520929108048477474e+02 1.737551438087517454e+03 1.403002494652094356e+03 2.796120526729847370e+03 2.833128659274054371e+03 1.296087188425223303e+03 9.434007631966385361e+02 1.109876569713947902e+03 2.896076138501886817e+03 1.183264129431801848e+03 1.861197732644223834e+03 1.147965591818848907e+03 1.800284699707243590e+03 2.174949424699342217e+03 1.975965839785698336e+03 5.556446706304308236e+02 1.354709193886274534e+03 2.438237068047321827e+03 2.226230895482317010e+03 8.073722809212612219e+02 1.700402599386392467e+03 2.508744706023313142e+02 2.140160040744616708e+03 8.995521107751345653e+02 1.859704277566731889e+02 4.357843503385590793e+02 2.686401496426027734e+03 2.033100341842477746e+03 2.096932283122180252e+03 1.104000905796729967e+03 1.832687916695038439e+03 1.166276982538882066e+03 2.797848637792973932e+03 1.889647850791252495e+03 1.312493809509210678e+03 2.348603840582740759e+03 1.005560540196362354e+03 2.532477838007669561e+03 1.229993495917763084e+03
2.553845140175887991e+03 9.697515145644269978e+02 1.532654233674379611e+03 3.362051308353279637e+03 5.023325591677290163e+02 2.940778298342124344e+03 1.709036278140402828e+03 2.553933632653754103e+03 1.674207275100666948e+03 3.286984180065368037e+03 3.056086549821519839e+03 1.876009061811802667e+03 0.000000000000000000e+00 1.370372212210974340e+03 3.122306839501844934e+03 3.756476141279217700e+03 3.133574636098524479e+03 3.720485183413582490e+03 3.243398217918977480e+03 1.950940798691749023e+03 3.267832615052368510e+03 3.824393808174048445e+03 2.531763812048825457e+03 3.755486919162413869e+03 1.464175535924569431e+03 3.639889284030491126e+03 2.008757078394498194e+03 2.170080413256614975e+03 1.397140651473572916e+03 9.566216598007804350e+02 2.561278001311064145e+03 2.854358421782379992e+03 1.006628034578811111e+02 1.542653882113547752e+03 2.186907405447244855e+03 3.672724465570484426e+03 4.331754840708324537e+02 3.765053120475194646e+03 7.334848328356899856e+02 1.274761938559510099e+03 1.580213909570473334e+03 2.494470885779186574e+03 1.701277461203786061e+03 8.949106100611389820e+02 2.751827937935073805e+03 1.541717548709879566e+03 2.702533071027994083e+03 1.150513798265800915e+03 2.982436084813889011e+03 8.496316849082312501e+02 1.674838798213129621e+03 7.550079469780433783e+02 3.501007997705803518e+03 1.296445910942681849e+03 1.693549231643414714e+03 2.863711752254405837e+03 1.767786469005801564e+03 1.900228407323709007e+03 3.371639660461954008e+03 2.342807076991189206e+03 1.626493160145470711e+03 2.240202223014699030e+03 2.840719803148490882e+03 1.234187181913667473e+03 3.489320850824698937e+03 3.578136386444764867e+03 1.967416580188344369e+03 1.033007744404658297e+03 1.314330247692717421e+03 3.829443954414269683e+03 1.507060715432526877e+03 3.254742539741047040e+03 1.028408965344040553e+03 3.298394306325427806e+03 3.009979568036965702e+03 1.028250942134263255e+02 2.186839957564338874e+03 7.300335608723752330e+02 3.547620329178419979e+03 2.637902575911400163e+03 1.419323782651442798e+03 3.998462204398085760e+02 1.670751926528890863e+03 3.426636981064670636e+03 1.002726283688624562e+03 2.059719641116236744e+03 1.660761873358128469e+03 3.727584338415430011e+03 2.386256691975949252e+03 3.189994514101866116e+03 2.644319194045983750e+03 2.682303674083156238e+03 2.195081775242098047e+03 3.880202700890766664e+03 2.156409052104910700e+02 7.154369294354324893e+02 3.047170818972904272e+03 2.557735326416711359e+03 3.971847177321907111e+03 1.395545054808335408e+03
2.378370240311629914e+03 1.661984957813999017e+03 2.212984410247844380e+02 3.441609652473679489e+03 8.909062801439890791e+02 2.758119830609250585e+03 9.633509225614516254e+02 2.600321710865792284e+03 9.722602532244131908e+02 2.952336193593134794e+03 2.450311204724820072e+03 9.691491113342673316e+02 1.370372212210974340e+03 0.000000000000000000e+00 2.470595070018557180e+03 3.622684225819302810e+03 2.483580077227227321e+03 3.443488057188524635e+03 3.190107208229842399e+03 1.116198011107348293e+03 2.760056883471788296e+03 3.692407886461082853e+03 1.884425641939739762e+03 3.410872322441870438e+03 1.254770895422745980e+03 3.816032756672825144e+03 1.046560557254094192e+03 1.972456590143367293e+03 3.010415253748226405e+02 4.823743359674102749e+02 2.838505416588102889e+03 2.267400714474616052e+03 1.360581125842924621e+03 5.980209026447153065e+02 1.192558593948322596e+03 3.222913123247351905e+03 9.545098218457471830e+02 3.385059083679338073e+03 7.406483646103595220e+02 1.727451880661224095e+03 3.436335257218073025e+02 2.672004678139617226e+03 3.793481250777443847e+02 1.410115243517351701e+03 2.083279385968190127e+03 3.299530269598992618e+02 2.295936628045295038e+03 2.875865087238968272e+02 2.805193219726584175e+03 1.248359723797591869e+03 1.250960031335933536e+03 6.335147985643271795e+02 3.381939236591928875e+03 1.819148152295463888e+03 7.433471598116185532e+02 3.008841139043402563e+03 1.056381086540269280e+03 1.679315336677421101e+03 2.810483588281561424e+03 1.567949297649640130e+03 1.367230777886454689e+03 1.420273917242726839e+03 2.612658607625573495e+03 1.647539377374635023e+03 3.587556271335684414e+03 3.642557892470619208e+03 1.958180788384974448e+03 1.013876225187275963e+03 1.450674325960172155e+03 3.763346516067846551e+03 2.675518641310503085e+02 2.811120239335201404e+03 1.273979984144177934e+03 2.763838815850157516e+03 2.986955808176612663e+03 1.446326726573217911e+03 1.507455140294396870e+03 6.490585489769008518e+02 3.340396683030325221e+03 2.885916492208324598e+03 1.254782849739348421e+03 1.415411247659138780e+03 7.255811463923246265e+02 3.075611321347351350e+03 8.630202778614185490e+02 1.125879656091182824e+03 1.124463427595580015e+03 3.577375155054331117e+03 2.652869578399963302e+03 2.984551055016482678e+03 2.061380120210729274e+03 2.629438152914040529e+03 1.967077019336050398e+03 3.701491185995179421e+03 1.490620340663577508e+03 6.550801477681948199e+02 3.122904097150599227e+03 1.962030071125312816e+03 3.495991132711866612e+03 2.681678578800971877e+02
1.014753664689120455e+03 2.445813157213772229e+03 2.279527363292662812e+03 1.794274505197016879e+03 2.934403176116056329e+03 1.014676795832052107e+03 1.545006472478351725e+03 1.420535462422533101e+03 1.555998071978239977e+03 8.021726746779647783e+02 1.130707742964555820e+02 1.501455960060101233e+03 3.122306839501844934e+03 2.470595070018557180e+03 0.000000000000000000e+00 1.560853932948243482e+03 1.303840481040529831e+01 1.219446595796634256e+03 1.422139233689866160e+03 1.355950589070265551e+03 4.022263044605610958e+02 1.615357545560734252e+03 6.069233889050577773e+02 1.105601193921207823e+03 1.661002709209109071e+03 2.198408970141816098e+03 1.436022632133630395e+03 1.125430139990928183e+03 2.183249413145460949e+03 2.432382576816401979e+03 1.884021496692646451e+03 2.800321410124201975e+02 3.190699766508907942e+03 1.884710322569492291e+03 1.326217176785159836e+03 8.308315111982693679e+02 2.953098880836874287e+03 1.042700819986250963e+03 2.499039815609186917e+03 2.144226200754015736e+03 2.715523522269692876e+03 1.666733631988027128e+03 2.203003631408718320e+03 2.332034519470069881e+03 3.912812287856395415e+02 2.146922681421014659e+03 5.951848452371750682e+02 2.700788403411122545e+03 1.037102212898998687e+03 2.305312560153177856e+03 1.451161259130080225e+03 2.800166602186377077e+03 1.418816760543799091e+03 2.212257670344935377e+03 1.728448147906092117e+03 1.702575989493567249e+03 1.457503687816946922e+03 1.285222159784058476e+03 3.704726710568540966e+02 9.027651964935289470e+02 1.502704229048417801e+03 1.051700527716897113e+03 9.027031627284796969e+02 2.120785231936510627e+03 1.915411183010060540e+03 1.893370539540530672e+03 1.425294355563088629e+03 2.090680511221166853e+03 1.889442245743436388e+03 1.767321419549935854e+03 2.677849883768692507e+03 5.381644730005874635e+02 2.129606771213878346e+03 3.649177989629993135e+02 1.386394244073452683e+03 3.224587570527431126e+03 9.864263783983070653e+02 2.779341828563014133e+03 1.248907522597249681e+03 1.846289793071499389e+03 1.708168609944580339e+03 2.819887409099873821e+03 1.747396921137266872e+03 8.480666247412405028e+02 2.146055917258448517e+03 1.354889294370577090e+03 1.492381318564394178e+03 1.502969394232630520e+03 1.820122248641557690e+03 1.049487970393181740e+03 4.788736785416379576e+02 1.240451933772526218e+03 1.080599833425861789e+03 1.555117037396221122e+03 3.056804377123272843e+03 2.724894493370339660e+03 1.622852427055522412e+03 5.650999911520084424e+02 1.057651171228018939e+03 2.730563678070885089e+03
1.259356184722971875e+03 2.830614950854319432e+03 3.482276554209903679e+03 6.247719583976220292e+02 3.770098274581181158e+03 8.671389738675110266e+02 2.670955634225323593e+03 1.210841855900265728e+03 2.654910356302073069e+03 7.698012730568844972e+02 1.487710993439249933e+03 2.735858366217081766e+03 3.756476141279217700e+03 3.622684225819302810e+03 1.560853932948243482e+03 0.000000000000000000e+00 1.552216801867574077e+03 3.994058086708304245e+02 5.233211251229975005e+02 2.584531872506121545e+03 1.162010757265181155e+03 7.017834423809100031e+01 1.885910125112010746e+03 5.780700649575273928e+02 2.452438990066827500e+03 8.398029530788754755e+02 2.730456738349831539e+03 1.674987761149316611e+03 3.322441421605503820e+03 3.403923912193103206e+03 1.387548197361086295e+03 1.562868196618000184e+03 3.848766036017258557e+03 3.035951251255527040e+03 2.688484517344297274e+03 8.766207846041525045e+02 3.761276379103242562e+03 6.741112667801955922e+02 3.356250437616358795e+03 2.498687055235208845e+03 3.931969608224356762e+03 1.333688119464217152e+03 3.462080299473136165e+03 2.861571945627088553e+03 1.783543663609052146e+03 3.343225388752603976e+03 1.367090340833406572e+03 3.778615751832938258e+03 8.202889734721538844e+02 2.924849568781273319e+03 2.380739800986239516e+03 3.731498626557431635e+03 2.556912200291593820e+02 2.503866010792110956e+03 2.922547518860899345e+03 1.020654691852244468e+03 2.579867050838085561e+03 1.977583626550341251e+03 1.247615726095178616e+03 2.226070978203525101e+03 2.302570085795435716e+03 2.365289200076811085e+03 1.010031682671390286e+03 2.527810317250880871e+03 6.308922253443927275e+02 5.341956570396281450e+02 1.802515187175963774e+03 2.868854126650569015e+03 2.464075688772566991e+03 2.148487840319325528e+02 3.873843698447318729e+03 1.023137331935454313e+03 2.756812652321517362e+03 1.211136656203584607e+03 7.557909763949288617e+02 3.845841910427416224e+03 2.189994063918895790e+03 3.699185045384996556e+03 3.156279455308100523e+02 1.301410388770583040e+03 2.476307129578235617e+03 3.370580068771545939e+03 2.933648411108597884e+03 7.145823955290250069e+02 2.990088460229897464e+03 2.656633207652121655e+03 2.499228881075120626e+03 5.813776741499453493e+01 1.495198983413244605e+03 6.401015544427306168e+02 1.696621643148524754e+03 1.075375283331358787e+03 1.670480469805019993e+03 1.607046981267193644e+02 3.611100940156616616e+03 3.633055050505015515e+03 8.045551565927596585e+02 1.780898930315810958e+03 9.509621443569665189e+02 3.889774415052883342e+03
